
[10:58:32.667]收←◆[2023-08-15 02:58:32.052] ↑↑↑收到待解析设备的数据


[10:58:32.963]收←◆1B 4B 10 00 00 FF 40 20 C8 08 E8 A8 A8 BF A8 A8 |.K....@ ?.瑷?卡?
E8 08 08 00 0D 1B 4B 10 00 00 7F 44 5A 61 08 4B |?.....K....DZa.K
6A 5A CA 4A 5A 6B 48 08 00 0D 1B 4B F8 00 70 F0 |jZ?JZkH....K..p?
90 10 10 30 30 00 20 30 10 10 10 F0 E0 00 30 60 |...00. 0...疣.0`
C0 80 00 00 00 00 C0 E0 30 10 30 E0 C0 00 E0 F0 |?.....类0.0嗬.囵
10 10 10 F0 E0 00 30 60 C0 80 00 00 00 00 00 10 |...疣.0`?.......
10 F0 F0 10 10 00 20 30 10 10 10 F0 E0 00 00 00 |.痧... 0...疣...
00 00 00 00 00 00 00 10 10 F0 F0 10 10 00 C0 E0 |.........痧...类
30 10 30 E0 Cc_Len0 00 00 00 00 60 60 00 00 00 20 30 |0.0嗬....``... 0
10 10 10 F0 E0 00 00 10 10 10 30 E0 C0 00 00 00 |...疣.....0嗬...
00 60 60 00 00 00 00 00 00 10 F0 F0 10 00 20 30 |.``.......痧.. 0
10 10 10 F0 E0 00 00 00 00 00 00 00 00 00 00 10 |...疣...........
10 F0 F0 10 10 00 E0 F0 10 10 10 F0 E0 00 00 00 |.痧...囵...疣...
00 00 00 00 00 00 00 10 10 F0 F0 10 10 00 C0 E0 |.........痧...类
30 10 30 E0 C0 00 00 10 10 F0 F0 10 10 00 00 00 |0.0嗬....痧.....
00 00 00 00 00 00 20 C2 0E 00 9C 82 82 92 0A 42 |...... ?.......B
82 86 50 2C E4 00 02 0C 30 C0 30 00 FF 12 22 C2 |..P,?...0?0..."?
02 C2 32 02 FF 00 00 FC 08 08 08 FA 82 04 04 C8 |.?2............?
30 C8 04 06 04 00 0D 1B 4B F8 00 10 30 21 23 26 |0?......K...0!#&
3C 18 00 10 30 22 22 22 3F 1D 00 00 00 00 01 03 |<...0"""?.......
06 0C 00 0F 1F 30 23 30 1F 0F 00 1D 3F 22 22 22 |.....0#0....?"""
3F 1D 00 00 00 00 01 03 06 0C 00 00 08 18 3F 3F |?.............??
00 00 00 3E 3E 22 22 22 23 21 00 00 00 00 00 00 |...>>"""#!......
00 00 00 00 08 18 3F 3F 00 00 00 0F 1F 30 23 30 |......??.....0#0
1F 0F 00 00 00 00 0C 0C 00 00 00 3E 3E 22 22 22 |...........>>"""
23 21 00 1C 3E 22 22 22 3F 1F 00 00 00 00 0C 0C |#!..>"""?.......
00 00 00 01 07 0D 19 3F 3F 01 00 3E 3E 22 22 22 |.......??..>>"""
23 21 00 00 00 00 00 00 00 00 00 00 08 18 3F 3F |#!............??
00 00 00 0F 1F 32 22 22 03 01 00 01 01 01 01 01 |.....2""........
01 01 00 00 08 18 3F 3F 00 00 00 0F 1F 30 23 30 |......??.....0#0
1F 0F 00 00 08 18 3F 3F 00 00 00 00 00 00 00 00 |......??........
00 00 00 00 00 3F 28 2B 2A 2A 2B 20 FC 23 A2 6C |.....?(+**+ .#?l
20 00 00 01 0E 00 FF 04 08 7F 40 44 44 7F 44 44 | .........@DD.DD
40 7F 00 08 09 09 FF 09 09 08 01 0F F8 48 08 0F |@............H..
08 08 00 0D                                     |....
[2023-08-15 02:58:32.213] 
[2023-08-15 02:58:32.214] 数据解析如下：
[2023-08-15 02:58:32.214] 
障
23/08/15 10:59:*5 16-101 感烟故


[10:58:33.060]收←◆[2023-08-15 02:58:32.444] ↑↑↑收到待解析设备的数据


[10:58:33.240]收←◆1B 4B 70 00 20 20 FF 00 00 00 FF 90 90 90 90 92 |.Kp.  ..........
91 FE 00 00 00 FF 20 10 E2 04 18 E0 00 00 02 01 |...... .?..?....
FE 00 00 00 40 42 81 FE 00 00 02 42 42 42 7E 42 |....@B.....BBB~B
42 42 02 00 00 00 FC 80 80 FF 84 86 FC 00 F0 02 |BB............?.
01 FE 00 00 02 02 12 92 92 92 92 FE 92 92 92 D2 |...............?
12 02 02 00 02 0C 30 C0 30 00 FF 12 22 C2 02 C2 |......0?0..."?.?
32 02 FF 00 20 C2 0E 00 9C 82 82 92 0A 42 82 86 |2... ?.......B..
50 2C E4 00 0D 1B 4B 70 00 10 0C 80 63 0C 00 27 |P,?...Kp....c..'
1C 04 FC 04 0C 14 27 00 00 00 01 44 5A 61 40 10 |......'....DZa@.
10 9F 71 11 11 11 10 10 00 10 10 10 FF 11 12 00 |..q.............
19 12 14 50 34 12 1B 10 00 00 0A F2 52 12 FF 12 |...P4......?R...
12 12 00 3F 00 00 FF 00 00 00 08 34 24 25 26 A4 |...?.......4$%&?
64 24 24 25 24 2C 34 20 00 01 0E 00 FF 04 08 7F |d$$%$,4 ........
40 44 44 7F 44 44 40 7F 00 00 00 3F 28 2B 2A 2A |@DD.DD@....?(+**
2B 20 FC 23 A2 6C 20 00 00 0D                   |+ .#?l ...
[2023-08-15 02:58:32.529] 
[2023-08-15 02:58:32.530] 无合理的数据(c_Len = 529) = 消**控制室烟感
 

[10:58:33.528]收←◆[2023-08-15 02:58:33.924] ↑↑↑收到待解析设备的数据


[10:58:33.608]收←◆1B 4B 00 01 00 00 00 00 00 00 00 00 00 00
[10:58:33.827]收←◆ 00 00 |.K..............
00 00 00 00 00 00 00 00 00 00 00 00 00 00 00 00 |................
00 00 00 00 00 00 00 00 00 00 00 00 00 00 00 00 |................
00 00 00 00 00 00 00 00 00 00 00 00 00 00 00 00 |................
00 00 00 00 00 00 00 00 00 00 00 00 00 00 00 00 |................
00 00 00 00 00 00 00 00 00 00 00 00 00 00 00 00 |................
00 00 00 00 00 00 00 00 00 00 00 00 00 00 00 00 |................
00 00 00 00 00 00 00 00 00 00 00 00 00 00 00 00 |................
00 00 00 00 00 00 00 00 00 00 00 00 00 00 00 00 |................
00 00 00 00 00 00 00 00 00 00 00 00 00 00 00 00 |................
00 00 00 00 00 00 00 00 00 00 00 00 00 00 00 00 |................
00 00 00 00 00 00 00 00 00 00 00 00 00 00 00 00 |................
00 00 00 00 00 00 00 00 00 00 00 00 00 00 00 00 |................
00 00 00 00 00 00 00 00 00 00 00 00 00 00 00 00 |................
00 00 00 00 00 00 00 00 00 00 00 00 00 00 00 00 |................
00 00 00 00 00 00 00 00 00 00 00 00 00 00 00 00 |................
00 00 00 00 00 0D 1B 4B 00 01 01 01 01 01 01 01 |.......K........
01 00 01 01 01 01 01 01 01 00 01 01 01 01 01 01 |................
01 00 01 01 01 01 01 01 01 00 01 01 01 01 01 01 |................
01 00 01 01 01 01 01 01 01 00 01 01 01 01 01 01 |................
01 00 01 01 01 01 01 01 01 00 01 01 01 01 01 01 |................
01 00 01 01 01 01 01 01 01 00 01 01 01 01 01 01 |................
01 00 01 01 01 01 01 01 01 00 01 01 01 01 01 01 |................
01 00 01 01 01 01 01 01 01 00 01 01 01 01 01 01 |................
01 00 01 01 01 01 01 01 01 00 01 01 01 01 01 01 |................
01 00 01 01 01 01 01 01 01 00 01 01 01 01 01 01 |................
01 00 01 01 01 01 01 01 01 00 01 01 01 01 01 01 |................
01 00 01 01 01 01 01 01 01 00 01 01 01 01 01 01 |................
01 00 01 01 01 01 01 01 01 00 01 01 01 01 01 01 |................
01 00 01 01 01 01 01 01 01 00 01 01 01 01 01 01 |................
01 00 01 01 01 01 01 01 01 00 01 01 01 01 01 01 |................
01 00 01 01 01 01 01 01 01 00 01 01 01 01 01 01 |................
01 00 01 01 01 01 01 01 01 00 0D                |...........
[2023-08-15 02:58:33.085] 
[2023-08-15 02:58:33.085] 数据解析如下：
[2023-08-15 02:58:33.085] 

[2023-08-15 02:58:33.196] ↑↑↑收到待解析设备的数据


[10:58:33.875]收←◆1B 31 00                    
[10:58:33.902]收←◆                    |.1.
[2023-08-15 02:58:33.272] 
[2023-08-15 02:58:33.273] 数据解析如下：
[2023-08-15 02:58:33.273] 


